7.028125000000000000e+01
1.231445312500000000e+02
7.215625000000000000e+01
1.399023437500000000e+02
7.684375000000000000e+01
1.553710937500000000e+02
8.434375000000000000e+01
1.708398437500000000e+02
9.278125000000000000e+01
1.824414062500000000e+02
1.030937500000000000e+02
1.927539062500000000e+02
1.134062500000000000e+02
2.004882812500000000e+02
1.255937500000000000e+02
2.017773437500000000e+02
1.377812500000000000e+02
2.017773437500000000e+02
1.509062500000000000e+02
2.017773437500000000e+02
1.621562500000000000e+02
1.940429687500000000e+02
1.724687500000000000e+02
1.837304687500000000e+02
1.809062500000000000e+02
1.708398437500000000e+02
1.837187500000000000e+02
1.553710937500000000e+02
1.837187500000000000e+02
1.347460937500000000e+02
1.837187500000000000e+02
1.205664062500000000e+02
1.837187500000000000e+02
1.038085937500000000e+02
7.590625000000000000e+01
1.115429687500000000e+02
8.340625000000000000e+01
1.050976562500000000e+02
9.231250000000000000e+01
1.031640625000000000e+02
1.016875000000000000e+02
1.044531250000000000e+02
1.105937500000000000e+02
1.050976562500000000e+02
1.368437500000000000e+02
9.865234375000000000e+01
1.462187500000000000e+02
9.607421875000000000e+01
1.560625000000000000e+02
9.285156250000000000e+01
1.654375000000000000e+02
9.156250000000000000e+01
1.743437500000000000e+02
9.478515625000000000e+01
1.255937500000000000e+02
1.154101562500000000e+02
1.265312500000000000e+02
1.257226562500000000e+02
1.274687500000000000e+02
1.373242187500000000e+02
1.293437500000000000e+02
1.489257812500000000e+02
1.199687500000000000e+02
1.579492187500000000e+02
1.255937500000000000e+02
1.579492187500000000e+02
1.302812500000000000e+02
1.579492187500000000e+02
1.359062500000000000e+02
1.566601562500000000e+02
1.405937500000000000e+02
1.553710937500000000e+02
8.715625000000000000e+01
1.231445312500000000e+02
9.184375000000000000e+01
1.179882812500000000e+02
1.049687500000000000e+02
1.166992187500000000e+02
1.096562500000000000e+02
1.205664062500000000e+02
1.040312500000000000e+02
1.231445312500000000e+02
9.278125000000000000e+01
1.244335937500000000e+02
1.434062500000000000e+02
1.154101562500000000e+02
1.480937500000000000e+02
1.102539062500000000e+02
1.602812500000000000e+02
1.076757812500000000e+02
1.659062500000000000e+02
1.102539062500000000e+02
1.612187500000000000e+02
1.141210937500000000e+02
1.490312500000000000e+02
1.166992187500000000e+02
1.152812500000000000e+02
1.772851562500000000e+02
1.218437500000000000e+02
1.721289062500000000e+02
1.284062500000000000e+02
1.682617187500000000e+02
1.321562500000000000e+02
1.669726562500000000e+02
1.359062500000000000e+02
1.669726562500000000e+02
1.434062500000000000e+02
1.682617187500000000e+02
1.518437500000000000e+02
1.708398437500000000e+02
1.462187500000000000e+02
1.772851562500000000e+02
1.405937500000000000e+02
1.811523437500000000e+02
1.340312500000000000e+02
1.837304687500000000e+02
1.274687500000000000e+02
1.837304687500000000e+02
1.209062500000000000e+02
1.798632812500000000e+02
1.171562500000000000e+02
1.772851562500000000e+02
1.246562500000000000e+02
1.747070312500000000e+02
1.330937500000000000e+02
1.734179687500000000e+02
1.415312500000000000e+02
1.721289062500000000e+02
1.509062500000000000e+02
1.721289062500000000e+02
1.415312500000000000e+02
1.721289062500000000e+02
1.330937500000000000e+02
1.747070312500000000e+02
1.246562500000000000e+02
1.759960937500000000e+02
